Test:
Test de un componente en el front









No existen en la API
20, 27, 35, 37, 39, 40, 44, 46, 49, 52, 60, 63, 66, 72, 73, 74, 75, 77, 82, 83, 85, 88, 90, 91, 93, 96, 97, 99,
100, 106, 109, 112, 117, 118, 122, 126, 131, 132, 133, 136, 139, 143, 146, 148, 150, 152, 154, 157, 158, 159,
160, 162, 163, 164, 166, 169, 170, 173, 174, 175, 180, 182, 186, 187, 190, 191, 192, 194, 195, 198, 199, 
200, 202, 203, 206, 215, 217, 220, 224, 227, 229, 230, 231, 234, 237, 240, 241, 247, 249, 252, 255, 263

No tiene temperament
196, 197 y otros

Weight solo con 1 valor
113, 128

Weight con valor NaN - 8
232